4.31
54.69
26.93
23.64
26.67
24.21
26.81
25.62
33.36
29.81
27.28
90.2
22.66
5.19
11.81
5.27
5.65
3.59
6.1
-1.73
5.27
18.21
28.3
47.47
25.1
28.28
24.6
44.87
29.4
31.01
44.14
56.68
22.69
5.77
4.43
3.73
2.85
3.41
3.19
3.22
4.02
2.85
2.02
3.38
4.93
2.54
3.84
3.33
5.83
3.58
4.26
4.21
2.98
4.04
4.62
3.19
4.64
2.7
4.23
3.49
4.35
3.98
4.06
3.52
4.34
3.89
3.93
4.44
4.33
3.78
3.2
3.76
3.36
3.51
5.04
4.04
2.85
3.73
4.04
4.42
4.39
4.26
4.2
3.51
4.44
4.78
4.18
4.39
4.34
3.8
4.11
3.04
4.11
3.68
4.92
3.76
4.08
4.15
4.45
4.15
3.68
4.02
4.04
4.49
4.14
4.05
4.22
4.25
3.86
3.08
3.43
4.06
3.15
4.07
4
4.96
4.05
4.09
3.76
4.53
4
4.8
4.83
4.77
4.8
4.12
4.54
4.25
3.11
4.23
4.76
3.17
4.2
4.51
4.68
4.65
3.43
3.8
3.45
4.37
4.05
3.42
4.12
3.97
4.02
4.17
4.06
3.87
3.21
4.85
4.62
4.65
4.48
4.9
3.77
4.07
4.1
3.73
4.12
4.45
3.71
3.56
3.95
4.05
4.08
4.99
3.9
3.71
3.81
4.99
4.36
4.79
3.9
4.81
3.46
4.51
4.66
4.31
3.82
4
3.8
3.54
4.78
3.16
3.11
4.61
3.5
4.65
4.44
2.98
3.86
3.16
4.24
2.94
3.47
3.9
4.18
4.38
4.33
3.58
