-4.14
-2.37
20.4
-1.68
-4.12
-3.64
-1.33
-2.93
-0.15
-2.72
-3.03
-3.22
76.01
10.96
-11.54
-8.35
-3.44
-3.38
-6.53
-3.02
-5.12
-2.97
-3.64
94.75
-5.54
6.73
0.76
-3.14
7.34
-3.65
-2.13
69.34
20.14
1.5
0.35
-1.53
-5.26
-4.89
-5.27
-4.6
-5.92
-5.25
-5.19
-5.86
-3.53
-4.92
-3.8
-5.04
-4.43
-3.95
-3.6
-4.97
-4.48
-5.36
-3.23
-2.92
-4.4
-4.45
-4.55
-4.74
-4.42
-3.98
-4.01
-4.66
-4.81
-4.51
-5.65
-4.79
-4.3
-4.76
-4.59
-4.25
-4.19
-4.75
-4.38
-4.25
-4.65
-4.75
-2.98
-3.79
-4.41
-4.05
-4.18
-4.59
-4.45
-3.88
-4.23
-4.48
-2.76
-4.24
-4.45
-4.66
-4.06
-4.56
-4.24
-4.39
-4.47
-3.4
-4.05
-4.58
-4.53
-4.18
-4.37
-3.98
-4.34
-4.02
-4.38
-3.85
-4.93
-5.35
-4.38
-3.43
-4.19
-3.98
-4.2
-4.43
-5.5
-3.96
-5.13
-4.27
-4.1
-4.23
-4.11
-4.41
-3.96
-3.61
-5.24
-4.1
-4
-4.28
-3.7
-4.19
-4.02
-4.53
-4.5
-4.19
-3.9
-3.7
-4.64
-4.72
-4.2
-3.98
-4.1
-3.96
-4.15
-3.82
-3.88
-3.8
-4.77
-3.8
-4.36
-4
-4.23
-3.08
-4.27
-3.81
-4.2
-4.17
-3.4
-4.08
-3.69
-3.87
-4.32
-3.74
-2.87
-3.84
-3.56
-4.14
-3.93
-3.96
-4.1
-3.83
-4.49
-4.46
-4.65
-4.08
-4.21
-3.58
-4.12
-4.15
-3.86
-4.13
-4.14
-3.75
-4.51
-4.04
-4.47
-3.81
-4.7
-4.02
-4.44
-4.51
-3.65
-4.25
-4.24
-3.97
-4.25
-4.32
-3.93
-4.45
