2078
38937
85729
130438
173870
216864
294480
337400
380302
423184
466078
509020
551912
594864
637767
680682
723556
766451
809333
852220
895120
937996
980879
1023769
1066685
1109585
1152660
1195547
1238418
1281543
1324464
1367299
1410034
1452771
1495478
1538233
1581021
1623781
1666599
1709554
1752412
1795616
1838460
1881312
1924177
1967041
2009891
2052760
2095607
2138460
2181334
2224214
2267079
2310140
2353145
2396032
2438849
2481648
2524654
2567476
2610261
2653041
2695945
2738748
2781629
2824461
2867314
2910136
2952894
2995715
3038506
3081323
3124179
3166987
3209781
3252645
3295485
3338321
3381101
3423912
3505817
3548605
3591462
3634303
3677193
3720114
3762956
3805764
3848607
3891458
3934316
3977111
4019900
4062730
4105608
4148454
4191328
4234180
4276977
4319763
4362611
4405467
4448311
4491197
4533971
4576762
4619617
4662460
4705295
4748143
4790913
4833756
4876617
4919471
4962355
5005212
5048986
5093280
5136126
5179137
5222486
5265788
5308881
5351819
5394714
5437641
5480753
5523738
5566830
5609816
5652715
5695788
5738656
5781501
5824376
5867512
5910382
5953213
5996112
6038964
6082120
6125056
6168083
6210858
6253593
6296479
6339339
6382174
6425051
6467902
6510771
6553703
6596779
6639641
6682557
6725554
6768674
6811723
6854629
6897602
6940485
6983361
7026243
7069127
7112064
7154927
7234410
7277366
7320242
7363104
7405993
7448924
7491821
7534675
7577743
7620547
7663292
7706155
7749009
7791770
7834642
7877443
7920282
7963153
8005993
8048807
8091597
8134368
8177174
8220062
8262863
8305725
8348547
8391480
8434347
8477149
8520004
8562963
8605821
8648686
