3.15
3.01
3.47
2.75
-9.48
0.25
5.45
3.14
2.75
2.96
3.71
3.35
3.09
3.22
3.28
3.23
2.79
3.2
3.4
2.93
3.33
2.86
3.05
3.95
3.32
2.62
3.21
2.46
4.63
2.57
3.21
2.03
2.27
3.75
2.03
2.74
2.17
2.86
3.09
2.66
3.47
2.87
3.02
4.17
-0.37
4.58
4.56
7.78
8.15
43.83
22.56
25.52
29.53
40.43
50.25
55.71
59.64
61.43
68.11
65.3
63.34
69.99
64.64
61.24
61.71
56.85
57.31
51.63
47.84
51.23
50.31
22.93
25.79
16.95
11.82
14.55
3.26
-3.77
-13.55
-16.69
-32.58
-26.25
-5.38
-50.54
-51.92
-53.59
-58.04
-59.01
-64.24
-46.71
-70.88
-61.77
-65.92
-65.43
-58.97
-45.22
-57.76
-54.27
-39.02
-36.87
-26.47
-28.49
-27.39
-1.21
-1.39
6.05
0.06
10.15
7.46
8.7
48.53
32.84
26.66
34.54
43.14
54.17
58.49
65.85
62.94
55.86
95.56
67.71
61.16
67.22
61.43
47.06
25.33
47.61
52
45.34
40.98
30.1
27.56
41.8
30.58
16.74
4.14
10.68
-3.58
-0.78
-0.39
-8.23
-20.46
-32.42
-22.28
-25.05
-33.95
-35.23
-36.29
-52.05
-54.06
-63.92
-55.75
-64.69
-68.55
-70.36
-28.97
-59.7
-66.58
-68.04
-71.37
-63.61
-65.05
-64.25
-62.34
-65.42
-49.47
-29.28
-35.76
-26.89
-32.25
-27.47
-21.75
-13.08
-6.17
-6.5
-12.03
-9.04
-0.48
-24.84
-3.78
-0.35
-2.41
0.03
-0.49
-0.34
1.09
-0.08
2.45
0.63
0.9
0.46
1.14
0.68
0.54
0.43
0.64
0.16
-0
1.27
