0.0194
0.0201
0.0158
0.0341
0.0585
0.0706
0.0472
0.0193
0.0327
0.0251
0.0057
0.0079
0.0110
0.0104
0.0124
0.0093
0.0096
0.0180
0.0192
0.0028
0.0088
0.0058
0.0027
0.0046
0.0077
0.0073
0.0037
0.0022
0.0041
0.0023
0.0073
0.0051
0.0020
0.0043
0.0061
0.0060
0.0040
0.0020
0.0038
0.0013
0.0037
0.0038
0.0119
0.0474
0.0542
0.0139
0.0581
0.0463
0.0170
0.0127
0.0149
0.0144
0.0110
0.0115
0.0865
0.1036
0.0567
0.0835
0.1635
0.1064
0.2848
0.6261
0.9228
1.0500
1.0219
0.7535
0.8405
1.1279
1.4548
1.6593
1.6754
1.5074
1.1793
0.8668
0.8236
0.9489
0.9869
0.9343
0.8266
0.6294
0.4428
0.4565
0.5499
0.5728
0.5108
0.3357
0.0867
0.2621
0.3493
0.2761
0.3684
0.4022
0.3000
0.2102
0.1562
0.3307
0.5631
0.6403
0.4839
0.4415
0.4411
0.2296
0.5190
0.6693
0.5066
0.1894
0.2244
0.4373
0.6847
1.1190
2.1205
2.0646
1.6379
1.1306
1.7951
2.7347
2.9790
2.3160
1.1725
0.4597
0.6257
0.7246
0.7124
0.9500
1.9226
2.9382
2.9121
1.7758
1.5343
2.5774
3.4681
3.7692
2.7709
1.2383
1.4235
3.1889
4.6624
4.3460
2.2792
2.6003
4.4821
5.2621
4.0768
2.0373
2.9510
4.2750
4.9585
3.7596
0.9226
2.8519
4.8479
4.8023
2.9675
0.5258
2.2620
3.9454
4.6332
1.4132
2.1728
4.4307
4.7478
2.9679
1.2178
2.9117
4.3983
5.0997
3.7025
0.9704
2.8821
4.9334
5.0080
2.7803
0.9322
3.1203
4.7849
4.7914
2.3478
1.1796
3.9659
5.4598
4.2462
1.4619
2.3189
3.9407
4.9099
4.0619
1.3220
2.0390
4.5906
5.4468
3.4081
0.9194
2.9653
4.5072
5.2633
3.3845
0.2743
3.2081
5.1558
4.8527
2.0942
2.0060
3.9600
4.2116
0.7674
2.4751
4.4911
4.1038
1.6519
1.9256
3.8569
4.7911
4.0254
2.3593
1.6505
2.1238
2.3952
2.2248
1.9626
1.6754
0.9582
0.4541
0.6107
0.6396
0.4627
0.2402
0.1360
0.3042
0.5242
0.7137
1.0997
1.5205
1.1291
0.4506
0.7281
0.5803
0.3766
0.2686
0.2923
0.2950
0.2297
0.1787
0.1618
0.1374
0.0991
0.0923
0.0907
0.0718
0.0519
0.0360
0.0384
0.0547
0.0313
0.0296
0.0465
0.0549
0.0746
0.0669
0.0342
0.0452
0.0444
0.0338
0.0105
0.0249
0.0481
0.0576
0.0370
0.0182
0.0551
0.0554
0.0266
0.0082
0.0054
0.0147
0.0284
0.0608
0.0793
0.0508
0.0144
0.0115
0.0131
0.0069
0.0160
0.0107
0.0292
0.0326
0.0189
0.0317
0.0039
0.0151
0.0163
0.0092
0.0154
0.0030
0.0088
0.0080
0.0099
0.0134
0.0309
0.0382
0.0187
0.0600
0.0771
0.0574
0.0400
0.0345
0.0248
0.0163
0.0228
0.0256
0.0316
0.0320
0.0292
0.0279
0.0202
0.0109
0.0324
0.0461
0.0413
0.0246
0.0109
0.0072
0.0120
0.0158
0.0127
0.0073
0.0036
0.0048
0.0056
0.0045
0.0042
0.0036
0.0029
0.0014
0.0035
0.0022
0.0064
0.0050
0.0026
0.0016
0.0013
0.0025
0.0034
0.0023
0.0034
0.0070
0.0057
0.0021
0.0027
0.0042
0.0043
0.0025
0.0027
0.0068
0.0104
0.0055
0.0105
0.0101
0.0076
0.0038
0.0069
0.0053
0.0017
0.0059
0.0045
0.0013
0.0039
0.0047
0.0025
0.0025
0.0039
0.0036
0.0042
0.0015
0.0075
0.0064
0.0027
0.0040
0.0058
0.0054
0.0050
0.0044
0.0025
0.0023
0.0018
0.0016
0.0013
0.0020
0.0053
0.0056
0.0043
0.0033
0.0048
0.0047
0.0020
0.0029
0.0015
0.0049
0.0034
0.0027
0.0025
0.0012
0.0026
0.0022
0.0044
0.0046
0.0031
0.0041
0.0052
0.0040
0.0027
0.0069
0.0144
0.0170
0.0154
0.0172
0.0054
0.0147
0.0206
0.0129
0.0052
0.0154
0.0130
0.0051
0.0033
0.0037
0.0039
0.0055
0.0021
