1283
34803
78801
122368
165755
209347
303177
347022
391383
438348
482182
526474
570156
614234
658274
701938
746208
790608
834703
879060
923917
968075
1012174
1055956
1099740
1143799
1187541
1231398
1276934
1320631
1364061
1407678
1451145
1494584
1538399
1582121
1625847
1674657
1718110
1761754
1805735
1849305
1892869
1936394
1979975
2023699
2067320
2111159
2155142
2198767
2242602
2286229
2330239
2375313
2418999
2462662
2507281
2551257
2596088
2639996
2683912
2727760
2771570
2815458
2859414
2903552
2947464
2991367
3035451
3081207
3124762
3169498
3213194
3256814
3300549
3344123
3387652
3431207
3474733
3518348
3594408
3637890
3681401
3724928
3768831
3812441
3856432
3900174
3944269
3988921
4033157
4077045
4121476
4165400
4208913
4253119
4296956
4340540
4384475
4428459
4472388
4517533
4561227
4604733
4648470
7308469
7352768
7396860
7440648
7484698
7528644
7572524
7616192
7659870
7703932
7747793
7791647
7835647
7879758
7923651
7967637
8011894
8055739
8099708
8143648
8187755
8231757
8275772
8321528
8365579
8409386
8452792
8496646
8540293
8584101
8627671
8671222
8715014
8758621
8802289
8846197
8890170
8933816
8977991
9021596
9065065
9108999
9152835
9196451
9240261
9285102
9329237
9373711
9417245
9460840
9504332
9547920
9591853
9635637
9679194
9722721
9766288
9810015
9853596
9897269
9940811
10043054
10086732
10130235
10173901
10217385
10260951
10305068
10348975
10392795
10438949
10483782
10527732
10571998
10616254
10659964
10703529
10747062
10790608
10834091
10877570
10921140
10964611
11008371
11052193
11099656
11145630
11189153
11233155
11276954
11320826
11364766
11408691
11452650
11496792
11540663
11584444
11628502
11672383
11716002
11760311
11804644
11848472
11892292
11936223
11979792
12023809
12067504
12111335
12155294
12199236
12242981
12287040
12330659
12374460
12418241
12462003
12505666
12549508
12592962
12638151
12681696
12728518
12773089
12816534
12860229
12903752
12947460
12991037
13034645
13078268
13122420
13167902
13211623
13255946
13301706
13345432
13389486
13433194
13477008
13520782
13564371
13608047
13651725
13695205
13742334
13785487
13829133
13872940
13916901
13960894
14004980
14049026
14092797
14136875
14181207
14225694
14269425
14313059
14356746
14400413
14444318
14488008
14531682
14575506
14619574
14663283
14707104
14750643
14794377
14838244
14882028
14925673
14969448
15012956
15056673
15100472
15144192
15187792
15231594
15275748
15319613
15363720
15407521
15452231
15497887
15541876
15585883
