-1.36
-0.51
-1.32
-0.01
0.27
0.74
0.36
-0.28
0.45
0.04
-0.1
0.1
-0.2
-0.32
0.05
-0.01
-0.71
0.64
-0.44
-1.33
-0.35
0.27
-0.01
-0.41
-0.33
-0.35
-0.2
-0.13
-0.08
0.27
-0.86
-0.25
0.06
0.23
-0.7
0.12
0.09
-0.84
0.06
-0.21
-0.18
-0.15
0.12
-0.47
0.15
0.04
0.68
0.24
0.5
0.1
-0.43
-1.08
-0.51
-0.33
-0.16
-0.39
-0.5
-1.22
-0.06
0.12
0.93
-0.57
-0.59
-0.14
0.85
-0.15
-0.79
-0.5
-0.51
-0.36
-0.27
-0.14
-0.72
-0.51
0.15
-0.01
-0.52
2.08
1.58
-0.39
0.36
-0.31
-0.72
-0.52
-0.3
-1.26
-0.2
1.74
4.28
0.19
-3.82
-1.44
-3.27
-3.07
-3.01
3.3
-4.35
-4.17
0.84
0.24
-0.31
-2.02
-1.01
0.17
-1.86
-0.9
-1.71
-0.26
-0.24
-0.27
-0.42
-0.66
-0.62
-0.63
0.53
0.39
-0.19
0
0.12
0.1
0.15
0.12
-0.69
-0.55
-1.02
-0.75
-0.32
0.15
-0.61
-0.17
-0.92
-0.51
-0.6
-0.35
-0.09
-0.16
-0.25
0.03
-0.23
-0.7
0.11
0.01
-1.13
-0.78
-0.11
-0.95
-0.07
-0.71
0.48
-0.88
-0.58
-0.73
-0.54
-0.83
0.04
-0.14
0.09
-0.69
-0.44
-0.97
-0.15
-0.78
-0.81
-1.09
-0.76
-0.6
-0.79
-1.05
-0.64
-0.61
-1.23
0.44
-0.28
-0.55
0.54
-0.69
-0.46
-0.71
-1.04
0.43
0.07
-0.41
-0.7
-0.1
-0.37
-0.32
-0.02
-0.39
0.42
-0.54
-0
0.25
-0.58
-0.45
0.84
0.38
0.44
-0.73
-0.08
-0.73
-0.54
-0.05
-0.31
-0.94
-1.18
-0.41
-0.48
-0.53
-0.55
-0.17
0.58
-1.11
-0.35
-0.39
-0.72
-0.39
-0.85
-0.24
-0.12
0.51
0.35
-0.43
-0.19
-0.36
-0.68
0.02
-0.8
-0.97
-0.43
-1.06
0.28
-0.33
-1.09
-0.58
-0.55
-0.38
-0.78
-0.34
-0.78
-0.54
0.29
0.25
0.92
-1.36
-1.09
-0.81
-0.84
-0.32
-1.25
0.08
-2.27
-0.58
-1.04
-1.19
-2.72
4.49
6.93
0.07
-1.89
-0.6
0.3
-0.05
-0.46
-0.28
-3.18
-0.05
0.92
0.54
-0.56
0.62
5.15
11.37
1.67
0.4
0.94
-0.87
2.2
2.17
-2.07
1.18
-1.96
-0.85
1.35
0.54
-0.04
2.11
1.37
2.26
36.09
3.02
-2.29
-2.46
-0.8
