0.63
0.81
0.29
1.05
0.84
0.42
1.25
0.65
0.68
0.57
0.81
0.92
0.29
0.84
0.67
0.62
0.17
0.74
0.65
0.67
1.31
0.77
0.8
1.11
0.7
0.59
0.66
0.79
0.5
0.64
0.52
0.75
1.11
0.72
0.19
0.62
-0.08
0.77
0.57
0.77
0.29
0.49
1.17
0.24
0.86
0.77
0.57
1.06
0.66
0.52
0.35
-0.4
0.7
0.88
0.95
0.45
0.19
0.91
0.73
0.22
1.05
0.86
0.51
-0.15
0.18
0.8
0.44
0.58
0.15
1.13
-0.04
0.49
0.32
0.54
0.67
0.83
0.21
0.31
0.57
0.35
0.28
0.35
-0.04
0.17
0.15
-0.23
0.54
0.22
2.69
1.32
-0.46
-0.58
1.61
-1.83
-1.1
1.5
-0.59
-0.5
-0.17
0.16
-0.29
1.4
3.51
0.4
-0.86
0.57
0.05
0.39
0.44
0.6
0.73
1.23
0.29
0.95
0.6
0.4
0.91
0.42
-0.04
0.45
0.88
0.68
-0.1
0.49
0.06
0.74
0.36
0.89
1.08
0.1
0.78
0.21
0.92
0.7
0.64
0.24
0.33
0.66
-0.4
0.36
0.55
0.3
0.45
0.06
0.09
0.62
1.01
0.67
0.38
0.58
0.82
0.81
0.62
0.71
0.22
0.5
0.07
0.72
0.24
0.53
0.53
0.03
2.15
1.34
0.53
-0.22
0.52
0.51
0.8
0.16
1.12
0.92
0.68
0.65
0.4
0.6
-0.09
0.17
1.08
0.34
0.47
0.37
0.54
0.43
0.49
0.58
0.14
0.38
0.22
0.24
0.56
0.3
0.56
0.31
0.81
-0.37
0.98
0.25
0.76
0.17
0.58
0.17
0.56
0.77
0.66
1.07
0.56
0.6
0.59
0.74
-0.26
0.31
0.18
0.86
0.51
0.26
0.34
0.52
0.75
0.18
0.08
-0.2
0.34
-0.41
0.28
0.46
0.23
0.82
0.98
0.27
0.2
0.54
0.68
0.62
0.43
0.21
0.56
0.81
0.61
-0.46
0.19
0.04
0.61
0.32
-0.77
0.37
-0.25
1.92
2.02
0.32
1.75
0.13
-0.94
-6.46
0.55
-7.99
10.17
-2.96
0.43
0.88
0.06
1.13
1.01
0.19
3.5
2.04
-0.7
0.41
0.51
0.15
1.13
9.96
1.07
0.44
1.14
0.14
0.61
0.39
1.06
0.26
0.56
1.22
-1.35
-0.41
-0.09
1.58
0.87
0.46
42.76
-2.45
1.4
-1.05
1.87
