1388
39468
49276
59254
70103
79517
88080
98084
109625
119806
129838
138821
149405
159090
168864
178922
188779
198486
209650
218370
228452
240553
248858
258652
268447
278547
288575
298446
308509
318724
328922
339680
349443
359419
367823
380577
388916
398264
410648
418168
428176
438402
448017
458081
467836
481657
487588
497678
509912
517548
527893
539962
547717
557678
567455
577343
587631
597495
608162
617410
631888
639134
648138
658090
669255
679068
687289
697326
707739
718432
728726
739234
749281
758886
768330
778156
787727
797574
808555
817070
827919
837511
848061
858610
867118
879908
888536
897501
910050
918589
927117
938829
947767
958018
967986
978161
987618
997978
1009845
1018185
1028611
1038599
1047370
1057421
1069028
1078424
1088441
1098272
1107927
1118611
1126780
1137770
1148384
1158078
1169189
1177643
1187177
1198061
1207433
1217280
1227139
1236938
1247058
1256888
1267059
1278610
1286479
1296696
1307465
1317060
1326982
1338423
1347953
1357483
1367007
1376729
1386503
1398481
1407561
1417171
1427165
1438073
1447656
1457442
1468823
1476629
1486167
1497586
1507355
1517169
1526704
1537667
1547809
1557830
1567099
1576962
1586669
1597273
1607486
1617069
1626588
1636091
1646046
1657508
1668052
1676793
1687210
1698053
1706447
1716306
1725905
1736185
1746100
1756200
1767557
1777631
1788814
1797696
1807499
1818430
1827242
1836926
1846561
1856262
1866296
1875985
1886424
1896771
1906528
1917529
1926039
1935769
1945986
1955846
1965542
1977155
1986839
1996851
2006617
2016777
2025619
2037411
2046505
2056166
2066000
2076453
2086282
2096058
2106029
2115852
2125968
2135996
2145973
2157690
2165714
2176656
2186394
2196220
2206585
2216997
2226765
2236533
2246355
2256460
2266432
2277088
2285947
2295533
2305471
2316639
2326160
2335986
2347293
2355381
2366795
2376324
2385868
2395746
2405440
2416530
2426327
2436106
2447346
2455393
2464897
2475681
2486043
2495630
2505265
2514832
2526531
2536107
2546441
2555276
2564971
2575773
2586570
2596124
2606662
2615528
2625098
2634627
2646003
2655859
2665576
2675475
2686187
2695753
2706269
2715167
2724687
2736671
2745992
2755565
2765087
2774610
2786165
2795884
2806019
2814999
2824599
2836633
2845965
2855537
2865518
2876902
2884976
2894535
2905917
2915611
2925486
2935100
2946097
2956024
2965974
2975398
2985359
2995145
3006086
3014619
3024156
3035621
3045186
3055030
3064547
3074852
3085248
3094958
3105811
3114188
3125781
3136483
3144955
3154482
3164012
3175747
3186024
3195860
3206205
3215371
3225056
3235358
3244747
3254819
3264961
3274942
3284916
3294449
3304230
3314187
3324029
3334071
3345293
3354922
3365162
3374746
3384406
3394288
3405481
3415622
3425184
3434964
3444953
3454731
3464504
3475993
3484021
3494171
3505789
3515509
3525552
3535072
3545149
3554804
3564319
3573830
3585209
3595045
3604600
3614750
3624525
3634657
3643845
3653956
3665550
3673580
3683409
3694632
3705125
3714694
3724707
3734778
3745120
3755257
3764984
3773324
3783497
3795729
3804153
3814614
3826115
3833846
3843846
3853804
3863878
3874347
3884419
3895222
3904319
3914183
3925202
3933879
3943644
3954131
3963824
3973671
3983420
3993031
4003832
4013993
4024272
4034421
4044203
4055095
4062910
4074384
4084752
4095145
4102783
4112740
4124266
4134746
4143017
4153319
4163508
4173661
4184620
4194771
4202625
4213198
4225473
4233208
4242904
4252634
4262556
4272778
4282642
4294378
4302949
4313032
4325255
4333324
4343187
4355014
4363636
4373519
4383337
4393141
4403329
4413173
4423971
4433322
4443371
4453514
4463896
4473843
4483197
4492404
4502388
4514041
4523652
4533725
4543509
4554147
4562707
4572318
4583492
4592510
4602488
4613287
4622683
4632520
4642357
4652381
4662715
7293857
7305236
7309653
7319682
7330408
7340463
7349828
7358656
7368786
7379857
7388659
7398686
7409313
7418809
7428508
7440073
7449755
7459642
7469423
7480094
7488890
7498570
7509447
7519925
7529532
7540277
7549159
7558656
7568198
7579611
7589411
7599038
7609425
7619796
7629486
7640438
7648999
7658496
7668588
7679628
7689186
7698732
7708234
7720060
7729631
7739684
7748853
7758383
7768673
7779194
7788717
7798628
7809886
7819441
7829002
7838512
7848253
7858019
7869661
7878900
7888804
7898719
7909741
7919304
7929143
7940422
7948485
7958005
7969456
7979160
7989026
7998537
8009023
8019355
8029177
8038425
8048360
8058020
8068779
8079247
8088763
8098264
8107767
8117711
8129180
8140388
8148421
8158131
8169447
8177617
8189239
8200216
8208804
8218319
8227853
8237400
8249064
8258744
8268856
8278194
8287767
8298422
8307337
8318719
8328480
8338075
8347867
8357922
8367835
8377811
8387884
8397843
8408085
8417961
8429486
8438139
8447913
8457952
8468295
8478422
8488424
8500379
8508210
8518808
8528107
8537806
8547980
8558242
8567873
8577457
8587255
8597148
8606918
8617119
8628308
8637898
8648346
8657769
8667411
8677277
8689207
8696984
8706604
8718234
8728126
8737931
8747747
8759296
8767142
8777109
8789219
8797058
8807189
8820403
8826511
8838354
8848367
8858556
8866777
8877058
8888513
8897807
8908455
8918541
8926558
8936646
8949285
8957821
8967782
8977761
8987721
8998104
9008364
9018302
9027052
9037368
9050080
9056419
9066509
9077930
9086487
9096257
9107777
9117336
9127457
9137212
9147726
9157230
9167325
9179035
9187243
9196984
9207626
9217186
9226976
9236542
9246129
9256321
9266104
9277197
9286262
9296081
9307386
9316585
9326379
9336888
9346314
9356144
9365972
9375789
9387838
9395933
9406111
9417499
9427274
9437860
9447427
9457195
9467431
9477275
9485725
9497510
9507326
9517386
9527388
9537364
9546978
9557417
9565665
9577646
9586052
9596263
9607836
9616841
9626799
9636718
9646939
9656975
9667038
9676651
9686930
9697063
9706994
9715439
9727386
9736486
9745625
9755486
9765333
9777096
9785296
9796999
9805727
9816425
9826618
9836114
9846377
9856360
9867790
9876447
9886205
9896021
9905844
9916010
9925873
9937741
9946204
9956236
9965681
9976713
9986512
9996330
10006131
10015973
10025683
10035484
10045287
10055298
10065490
10075339
10086733
10095024
10105287
10115574
10125429
10135499
10147379
10155436
10165302
10175106
10184962
10195018
10205083
10216532
10226367
10236658
10246540
10256419
10266532
10276511
10284886
10294647
10304443
10316444
10324616
10334474
10345289
10356144
10366088
10375985
10386127
10395949
10405972
10415013
10424809
10434425
10446047
10456250
10466014
10476693
10485637
10495374
10505519
10514341
10525908
10534328
10545647
10555345
10564978
10574584
10584427
10594372
10604244
10615930
10625765
10636068
10645723
10655394
10665571
10674788
10685420
10695085
10704798
10714528
10724486
10734099
10745155
10754207
10764234
10775847
10783964
10795841
10804944
10814161
10823802
10835306
10845165
10855138
10864962
10876429
10884241
10894224
10905926
10914104
10923831
10935026
10943811
10955291
10964891
10974473
10984477
10994299
11005008
11013866
11023917
11035644
11043965
11053826
11064521
11074174
11084002
11093812
11103708
11114143
11124275
11134634
11144769
11154945
11163753
11174263
11184402
11195161
11205794
11213780
11224001
11234033
11244380
11254775
11265004
11276005
11284635
11295157
11306024
11314201
11324709
11334977
11344370
11354469
11364569
11374646
11383393
11393671
11404591
11413936
11424005
11436255
11444636
11454723
11463973
11474059
11483995
11494234
11504393
11513857
11524032
11535719
11542959
11553047
11564340
11573448
11583442
11594429
11603677
11613879
11623906
11634145
11644940
11652873
11663544
11673479
11683530
11694698
11703197
11713270
11723620
11734471
11744554
11752615
11762635
11773053
11783318
11793507
11805700
11813774
11824701
11833422
11843468
11854314
11865812
11873899
11883950
11894036
11904149
11912502
11922812
11934885
11942810
11953005
11965248
11973219
11983611
11995184
12003538
12013146
12022708
12032249
12042563
12052627
12063930
12073171
12083495
12094127
12102738
12112888
12124343
12133737
12143649
12153597
12163458
12173961
12182185
12192585
12202298
12212357
12224910
12233400
12243447
12254966
12262830
12272914
12282848
12292931
12303405
12313498
12322358
12332419
12342422
12354970
12363291
12373227
12383821
12393800
12401974
12411742
12423435
12433411
12443201
12453324
12463166
12472776
12483096
12492107
12501735
12511998
12524270
12532271
12542184
12552060
12562230
12572422
12582906
12592454
12602374
12612928
12623157
12633014
12643145
12653544
12661756
12671656
12681562
12691416
12701635
12713265
12722670
12732726
12742877
12754631
12762575
12772391
12782298
12792444
12802451
12814420
12822395
12832609
12842535
12853109
12863357
12872843
12882036
12891924
12902281
12912258
12922655
12932630
12943576
12952508
12962774
12973328
12981823
12991949
13003713
13011455
13021470
13031417
13041378
13051926
13062002
13073851
13082422
13092636
13102949
13111473
13120996
13132976
13142064
13151963
13161649
13171631
13182034
13192489
13201236
13211894
13221526
13232470
13242711
13252691
13261281
13274127
13282012
13291669
13301376
13311204
13321848
13332418
13343329
13351439
13361453
13374260
13382518
13392662
13402331
13411393
13421366
13431312
13441196
13451380
13461285
13471977
13480855
13490574
13501856
13510496
13522217
13532758
13541968
13551671
13561246
13570889
13581101
13590976
13600843
13612164
13622219
13631368
13640697
13650353
13660497
13672333
13681972
13691623
13701318
13711961
13721810
13730774
13740391
13750274
13761677
13770967
13780863
13790943
13801490
13811559
13822522
13831608
13841534
13852609
13861691
13871625
13882115
13892842
13901008
13911032
13921070
13931736
13942093
13950258
13961988
13970228
13980930
13990805
14001146
14011567
14021317
14030212
14040119
14050184
14060141
14070731
14080876
14092392
14100629
14110728
14120880
14131078
14140939
14152092
14160881
14170544
14180062
14189724
14199852
14209610
14222152
14230997
14241190
14249918
14260364
14269910
14280553
14291249
14300770
14310309
14319805
14329760
14339395
14351925
14360368
14369867
14380769
14389418
14400908
14411294
14419940
14429523
14440953
14450470
14460482
14470017
14480069
14490756
14500268
14510810
14519433
14530906
14541033
14550532
14560052
14569598
14579139
14590820
14600510
14610126
14621332
14629199
14639159
14650093
14659658
14669411
14682216
14689874
14699429
14708956
14720644
14730367
14740263
14749562
14759158
14768882
14780243
14789896
14799673
14811028
14819004
14830456
14839967
14849636
14859415
14868985
14880502
14888556
14900929
14911115
14919001
14929022
14941028
14949406
14959237
14969085
14978817
14988897
14998837
15010516
15018501
15030651
15040974
15049328
15059197
15070473
15079738
15089596
15099413
15109168
15119309
15129178
15140335
15149254
15159308
15171506
15180020
15190023
15199119
15208246
15219976
15229895
15239723
15249955
15259805
15268591
15279618
15289701
15299091
15308141
15319940
15328781
15339926
15349800
15359615
15369426
15379666
15389547
15400402
15409362
15419204
15430621
15439584
15449531
15460117
15469176
15479441
15489319
15499049
15508898
15519028
15528906
15539112
15549316
15559394
15569395
15577829
15587682
15599950
