3.92
4.52
5.02
4.32
3.92
5.03
4.43
4.23
4.53
4.31
4.66
4.31
3.42
4.18
4.07
4.24
4.38
4.55
4.32
5.47
5.88
9.19
9.03
10.39
12.45
13.25
15.29
17.9
20.89
23.15
25.08
28.18
28.9
32
33.96
36.81
39.48
41.68
43.91
45.99
48.58
48.87
51.42
54.17
55.86
58.43
59.31
60.61
60.16
61.8
64.59
65.23
64.16
64.37
65.59
65.17
65.8
66.73
68.94
66.92
66.63
67.52
65.62
67.43
66.62
65.38
67.35
67.23
66.85
66.66
66.42
66.8
66.92
66.77
66.41
67.24
67.27
67.09
66.7
66.67
66.76
68.13
66.86
67.14
66.8
67.12
66.5
67.06
66.77
66.52
65.65
65.35
65.77
66.07
67.24
66.75
64.58
63.89
61.97
60.54
58.83
58.3
55.59
53.33
-7.17
-7.44
-7.09
-6.98
-6.94
-7.96
-6.89
-7.21
-7.08
-7.05
-7.18
-5.93
-6.83
-6.89
-7.03
-6.62
-6.63
-5.91
-5.69
-5.93
-3.87
-2.53
-2.46
-4.37
-0.87
-1.32
-2.32
-0.29
-0.05
-0.56
0.36
-0.75
-0.78
-1.35
0.6
0.22
-0.49
0.1
-0.13
-0.59
0.35
-0.25
-1.38
1.7
0.49
-0.2
-0.39
1.46
-1.55
1.93
1.35
1.45
-2.61
-11.14
-6.84
-8.78
-6.88
-14.51
-15.69
-17.29
-22.43
-29.86
-31.95
-34.2
-34.69
-36.27
-38
-44.03
-44.35
-46.19
-46
-46.65
-50.04
-51.84
-53.83
-55.77
-56.52
-56.92
-58.7
-58.8
-60.71
-62.24
-61.4
-61.91
-62.53
-61.16
-63.32
-64.12
-63.37
-63.79
-64.7
-63.04
-64.02
-63.26
-63.93
-63.61
-63.38
-63.88
-63.23
-64.32
-63.36
-63.16
-63.27
-62.91
-63.22
-63.57
-63.51
-63.45
-62.52
-62.14
-61.17
-60.88
-58.45
-58.01
-53.47
-52.31
-50.88
-43.94
-43.76
-36.92
-32.35
-28.66
-26.14
-22.83
-19.02
-15.34
-13.81
-8.64
-5.93
-11.91
-2.64
3.08
1.82
-0.13
-0.82
6.7
8.08
7.98
10.27
8.38
7.56
4.11
11.43
10.56
10.55
15.04
14.48
13.09
13.41
10.24
19.28
19.15
17.62
19.24
20.69
18.21
18.3
16.21
4.42
-22.37
2.94
20.37
19.25
1.32
-9.64
-16.73
-76.42
4.03
0.09
2.11
2.96
1.33
1.29
2.26
1.54
1.77
1.09
1.38
1.32
1.18
1.4
1.39
1.56
1.49
1.6
0.21
0.92
1.42
