976
952
958
972
974
955
975
998
977
987
1012
1078
924
966
954
986
980
1052
1016
1104
1039
969
1038
952
943
973
1003
956
959
965
961
968
924
1050
951
1135
1018
992
1055
931
907
943
996
1041
1081
986
925
1068
1015
917
1070
952
1013
973
951
993
952
931
958
932
971
984
1026
949
1031
982
952
1004
1051
955
948
1035
1011
946
965
1041
964
1085
988
1017
957
1117
1049
991
984
938
993
1008
1009
986
952
956
1010
927
977
870
1028
938
1019
974
932
937
994
953
855
949
990
1078
873
1013
956
1011
1003
949
983
1020
988
985
999
897
1062
1053
1110
1087
1013
1023
1042
936
1006
990
1054
1046
964
1008
967
1041
970
938
965
980
909
994
960
995
1015
1020
1017
966
968
943
1015
998
1015
1026
1013
1009
991
990
960
943
1036
953
977
985
969
964
1009
982
1104
1014
1081
933
941
1017
963
909
1062
934
922
976
937
976
963
1088
1067
956
888
1027
1077
958
1032
913
980
966
970
1045
892
958
986
982
972
1024
983
942
1075
1008
941
838
959
1104
993
970
1020
1071
1097
1007
1072
1012
1060
1047
975
901
1059
953
960
1007
949
1020
969
996
990
987
1061
950
995
918
1000
963
1062
1042
955
997
960
1048
1038
934
1025
987
1014
989
1008
930
956
1041
959
925
995
923
1033
976
1012
1036
955
1012
969
988
961
1039
1033
1069
986
948
954
939
1082
956
1042
932
950
1073
993
999
904
1034
964
931
1052
970
964
915
1033
961
945
976
996
917
998
975
970
989
1034
963
1005
1038
990
963
1017
997
1009
952
1001
991
1009
1041
1000
901
972
948
1005
978
959
946
1003
1025
994
974
955
1064
988
1008
989
1076
983
1063
998
985
1012
1087
996
976
1060
954
999
1008
1056
1009
1068
1082
942
986
1014
996
1056
916
1016
995
986
936
969
902
998
981
1000
1036
972
988
1029
984
968
954
962
977
970
1000
978
989
1057
1015
929
952
1023
928
976
890
984
925
916
992
963
977
994
947
938
972
975
977
1091
997
1001
924
1008
984
928
1043
985
1027
983
1017
973
957
981
972
949
1022
985
988
1012
998
1023
1027
968
1071
999
845
1058
1002
1017
1064
1045
986
978
968
958
981
1013
1036
953
890
970
916
1053
1004
998
1018
1077
979
1071
986
978
974
946
941
888
938
1077
953
959
1043
1062
998
1092
1074
973
970
1070
945
1014
1004
991
958
1016
981
984
981
1093
991
973
958
989
985
1014
969
962
1026
1099
1037
961
967
1006
855
939
990
1023
1010
956
950
978
1026
980
926
1034
939
1033
1075
990
1025
995
972
991
1021
998
1001
1045
1061
941
1000
968
972
971
1040
996
1044
946
948
956
1002
1002
1008
960
905
1012
983
986
991
991
924
963
1009
982
978
1008
1001
1109
963
978
959
980
933
975
957
1098
932
996
935
993
942
980
992
955
1085
991
966
924
970
941
1135
1048
967
985
963
956
878
930
1032
999
968
1009
1011
1028
898
1058
986
1012
929
909
931
983
931
878
975
1026
943
1009
978
1067
1032
1016
977
982
886
951
940
997
936
1053
1007
979
1031
966
963
930
1074
950
1055
1016
1049
1121
1035
986
1070
948
949
952
1011
1005
922
915
929
931
938
1072
1057
1000
949
1002
961
961
965
1028
897
925
1060
936
1027
1078
936
971
998
932
871
1067
1051
1020
1006
941
960
972
940
1065
945
1064
992
1025
952
949
1028
942
1026
955
1045
1014
1098
1003
937
1030
891
970
972
949
989
961
1031
1077
1081
1047
964
981
1005
1004
927
1011
1013
1004
918
1050
1112
940
898
896
914
917
960
1000
976
1071
1057
1003
885
975
904
933
983
988
964
969
993
958
991
921
913
913
941
960
1020
893
1058
923
1026
996
1057
948
947
947
1018
966
1035
971
940
1037
972
962
1098
939
914
1095
1020
951
1034
960
964
926
968
921
1011
1043
1045
1042
1069
1021
952
981
997
976
958
951
1005
991
1000
1047
969
1000
985
964
1008
986
970
1021
959
968
1097
963
911
982
972
1027
916
997
1003
978
948
1028
959
963
967
1039
1004
977
1002
1025
957
997
956
867
979
940
953
994
975
1070
1100
929
970
970
1010
972
988
1013
1095
959
1001
979
950
957
1055
962
1084
1097
1113
1026
910
1000
967
975
969
1058
961
927
1005
946
1068
993
1085
1017
1014
961
1115
1011
936
1013
994
970
936
1002
982
1010
957
1093
959
1030
962
933
923
989
994
973
968
921
1037
988
970
886
960
903
1019
1018
946
1117
1048
987
1036
1005
1054
995
983
1068
945
963
981
1053
924
962
1005
968
1067
1022
945
993
1042
945
1006
899
949
970
989
959
939
1086
1113
961
1020
933
1003
1025
979
1003
908
991
986
912
998
1044
1000
971
1043
952
1017
1030
995
990
1098
1039
1106
958
1035
1042
1045
988
991
985
1063
1015
982
1069
1177
1029
989
986
1015
966
952
1002
1033
977
951
990
990
1030
968
1042
941
951
945
1023
971
1036
1069
1021
925
943
1027
1065
969
1073
985
989
952
1005
957
1008
995
1035
942
966
976
1056
954
1066
985
1061
961
960
1000
1071
1050
1007
1000
1024
996
1017
1053
1049
1024
912
961
943
975
983
971
984
973
930
929
917
950
1056
1003
1026
984
1084
1047
1010
927
981
985
1071
982
891
1066
923
947
991
985
878
977
1063
956
931
980
1058
1082
1068
1014
993
953
951
984
947
1032
1078
997
981
1010
1008
953
983
1011
965
950
1040
1006
913
969
1016
1008
986
979
945
960
1117
1074
1001
918
998
981
955
1000
1003
996
935
944
927
859
985
956
1021
977
961
940
1022
902
1116
1033
926
972
1159
935
1010
1073
1073
995
982
989
1012
991
1025
1012
970
1127
985
1010
983
964
978
1040
938
958
1046
886
971
937
1009
1006
999
1050
1037
1016
1010
1013
1027
965
1016
975
1078
974
1023
927
973
941
991
992
1051
1092
1078
995
1028
1014
1007
1022
970
1033
974
1012
990
1006
918
1100
932
964
996
1000
952
952
1054
992
1077
1021
992
954
1021
1042
986
1017
1036
965
1062
968
974
1034
998
975
972
956
983
1036
997
927
962
1087
985
957
988
1053
945
947
1060
948
1031
958
1018
1031
999
1004
1019
970
1017
996
973
1062
997
1024
974
962
1060
1012
964
1016
1014
1057
1127
1009
1027
1003
1112
1044
1100
1006
1096
1048
1109
1213
1150
1100
1097
1073
1169
1130
1223
1204
1105
1179
1220
1149
1149
1156
1254
1096
1177
1213
1238
1248
1234
1334
1183
1300
1246
1207
1274
1257
1269
1208
1303
1243
1262
1288
1332
1287
1249
1283
1261
1335
1382
1313
1299
1379
1290
1326
1347
1270
1263
1280
1314
1312
1328
1278
1358
1357
1287
1281
1262
1267
1312
1262
1327
1319
1336
1208
1328
